16320
16280
16336
16376
16304
16464
16376
16320
16448
16448
16368
16368
16304
16408
16336
16304
16328
16376
16288
16416
16296
16360
16408
16264
16376
16368
16336
16336
16432
16416
16304
16360
16376
16408
16360
16416
16360
16368
16288
16376
16368
16392
16368
16464
16424
16336
16304
16464
16376
16304
16336
16352
16376
16408
16368
16320
16288
16432
16368
16304
16424
16376
16352
16368
16344
16352
16464
16296
16376
16336
16360
16432
16352
16320
16568
16448
16360
16392
16392
16376
16408
16376
16368
16336
16408
16360
16320
16392
16392
16424
16344
16392
16376
16296
16336
16272
16448
16320
16288
16376
16104
16472
16480
16336
16408
16304
16456
16392
16368
16160
